MEME version 4.4

ALPHABET= ACGT

strands: + -

Background letter frequencies:
A 0.31600 C 0.18400 G 0.18400 T 0.31600 

MOTIF WRKY_tnt.WRKY11_col_a_m1 MEME

letter-probability matrix: alength= 4 w= 14 nsites= 597 E= 1.0e-1317
  0.380235	  0.112228	  0.289782	  0.217755	
  0.249581	  0.182580	  0.298157	  0.269682	
  0.179229	  0.599665	  0.140704	  0.080402	
  0.018425	  0.000000	  0.857621	  0.123953	
  0.000000	  0.001675	  0.000000	  0.998325	
  0.001675	  0.000000	  0.000000	  0.998325	
  0.000000	  0.000000	  1.000000	  0.000000	
  0.996650	  0.000000	  0.003350	  0.000000	
  0.000000	  1.000000	  0.000000	  0.000000	
  0.026801	  0.078727	  0.000000	  0.894472	
  0.098827	  0.033501	  0.013400	  0.854271	
  0.093802	  0.070352	  0.061977	  0.773869	
  0.170854	  0.117253	  0.155779	  0.556114	
  0.241206	  0.142379	  0.232831	  0.383585	


MOTIF WRKY_tnt.WRKY14_col_a_m1 MEME

letter-probability matrix: alength= 4 w= 13 nsites= 598 E= 1.3e-1285
  0.478261	  0.214047	  0.130435	  0.177258	
  0.712375	  0.063545	  0.085284	  0.138796	
  0.759197	  0.036789	  0.040134	  0.163880	
  0.851171	  0.001672	  0.140468	  0.006689	
  0.000000	  0.000000	  1.000000	  0.000000	
  0.000000	  0.000000	  0.000000	  1.000000	
  0.000000	  1.000000	  0.000000	  0.000000	
  1.000000	  0.000000	  0.000000	  0.000000	
  1.000000	  0.000000	  0.000000	  0.000000	
  0.060201	  0.918060	  0.000000	  0.021739	
  0.088629	  0.090301	  0.663880	  0.157191	
  0.280936	  0.275920	  0.237458	  0.205686	
  0.240803	  0.262542	  0.127090	  0.369565	


MOTIF WRKY_tnt.WRKY15_col_b_m1 MEME

letter-probability matrix: alength= 4 w= 11 nsites= 600 E= 2.4e-997
  0.456667	  0.226667	  0.128333	  0.188333	
  0.613333	  0.115000	  0.121667	  0.150000	
  0.716667	  0.030000	  0.061667	  0.191667	
  0.806667	  0.008333	  0.168333	  0.016667	
  0.000000	  0.000000	  1.000000	  0.000000	
  0.000000	  0.000000	  0.000000	  1.000000	
  0.000000	  1.000000	  0.000000	  0.000000	
  1.000000	  0.000000	  0.000000	  0.000000	
  1.000000	  0.000000	  0.000000	  0.000000	
  0.196667	  0.720000	  0.006667	  0.076667	
  0.118333	  0.138333	  0.550000	  0.193333	


MOTIF WRKY_tnt.WRKY17_col_a_m1 MEME

letter-probability matrix: alength= 4 w= 14 nsites= 127 E= 8.5e-239
  0.448819	  0.196850	  0.181102	  0.173228	
  0.527559	  0.188976	  0.110236	  0.173228	
  0.740157	  0.070866	  0.141732	  0.047244	
  0.921260	  0.000000	  0.047244	  0.031496	
  0.984252	  0.000000	  0.007874	  0.007874	
  0.000000	  0.000000	  1.000000	  0.000000	
  0.000000	  0.039370	  0.007874	  0.952756	
  0.000000	  1.000000	  0.000000	  0.000000	
  0.984252	  0.000000	  0.015748	  0.000000	
  1.000000	  0.000000	  0.000000	  0.000000	
  0.157480	  0.763780	  0.062992	  0.015748	
  0.228346	  0.070866	  0.614173	  0.086614	
  0.251969	  0.299213	  0.251969	  0.196850	
  0.220472	  0.330709	  0.125984	  0.322835	


MOTIF WRKY_tnt.WRKY18_col_a_m1 MEME

letter-probability matrix: alength= 4 w= 11 nsites= 599 E= 1.4e-745
  0.327212	  0.273790	  0.247078	  0.151920	
  0.529215	  0.168614	  0.128548	  0.173623	
  0.544240	  0.153589	  0.063439	  0.238731	
  0.636060	  0.003339	  0.360601	  0.000000	
  0.003339	  0.000000	  0.994992	  0.001669	
  0.000000	  0.000000	  0.000000	  1.000000	
  0.003339	  0.996661	  0.000000	  0.000000	
  0.998331	  0.000000	  0.000000	  0.001669	
  0.978297	  0.000000	  0.005008	  0.016694	
  0.128548	  0.507513	  0.260434	  0.103506	
  0.277129	  0.088481	  0.535893	  0.098497	


MOTIF WRKY_tnt.WRKY20_col_a_m1 MEME

letter-probability matrix: alength= 4 w= 13 nsites= 600 E= 5.8e-982
  0.391667	  0.091667	  0.261667	  0.255000	
  0.270000	  0.251667	  0.260000	  0.218333	
  0.056667	  0.696667	  0.123333	  0.123333	
  0.018333	  0.005000	  0.700000	  0.276667	
  0.003333	  0.001667	  0.000000	  0.995000	
  0.000000	  0.001667	  0.000000	  0.998333	
  0.000000	  0.000000	  1.000000	  0.000000	
  0.998333	  0.000000	  0.001667	  0.000000	
  0.001667	  0.998333	  0.000000	  0.000000	
  0.000000	  0.450000	  0.000000	  0.550000	
  0.385000	  0.063333	  0.180000	  0.371667	
  0.266667	  0.066667	  0.226667	  0.440000	
  0.260000	  0.113333	  0.211667	  0.415000	


MOTIF WRKY_tnt.WRKY21_col_m1 MEME

letter-probability matrix: alength= 4 w= 11 nsites= 594 E= 8.5e-1289
  0.580808	  0.181818	  0.099327	  0.138047	
  0.791246	  0.052189	  0.065657	  0.090909	
  0.850168	  0.011785	  0.038721	  0.099327	
  0.885522	  0.000000	  0.090909	  0.023569	
  0.000000	  0.000000	  1.000000	  0.000000	
  0.000000	  0.000000	  0.000000	  1.000000	
  0.000000	  1.000000	  0.000000	  0.000000	
  1.000000	  0.000000	  0.000000	  0.000000	
  1.000000	  0.000000	  0.000000	  0.000000	
  0.134680	  0.843434	  0.000000	  0.021886	
  0.097643	  0.126263	  0.592593	  0.183502	


MOTIF WRKY_tnt.WRKY22_col_m1 MEME

letter-probability matrix: alength= 4 w= 13 nsites= 599 E= 3.0e-1294
  0.530885	  0.193656	  0.130217	  0.145242	
  0.769616	  0.048414	  0.083472	  0.098497	
  0.864775	  0.008347	  0.023372	  0.103506	
  0.888147	  0.000000	  0.096828	  0.015025	
  0.000000	  0.000000	  1.000000	  0.000000	
  0.000000	  0.000000	  0.000000	  1.000000	
  0.000000	  1.000000	  0.000000	  0.000000	
  1.000000	  0.000000	  0.000000	  0.000000	
  1.000000	  0.000000	  0.000000	  0.000000	
  0.118531	  0.848080	  0.000000	  0.033389	
  0.090150	  0.100167	  0.524207	  0.285476	
  0.303840	  0.233723	  0.213689	  0.248748	
  0.233723	  0.225376	  0.111853	  0.429048	


MOTIF WRKY_tnt.WRKY24_col_a_m1 MEME

letter-probability matrix: alength= 4 w= 14 nsites= 600 E= 3.9e-1258
  0.186667	  0.216667	  0.263333	  0.333333	
  0.070000	  0.705000	  0.083333	  0.141667	
  0.035000	  0.003333	  0.875000	  0.086667	
  0.000000	  0.000000	  0.000000	  1.000000	
  0.003333	  0.000000	  0.000000	  0.996667	
  0.000000	  0.000000	  1.000000	  0.000000	
  0.998333	  0.000000	  0.001667	  0.000000	
  0.001667	  0.998333	  0.000000	  0.000000	
  0.000000	  0.190000	  0.000000	  0.810000	
  0.221667	  0.048333	  0.045000	  0.685000	
  0.168333	  0.060000	  0.060000	  0.711667	
  0.185000	  0.131667	  0.130000	  0.553333	
  0.205000	  0.170000	  0.171667	  0.453333	
  0.238333	  0.193333	  0.168333	  0.400000	


MOTIF WRKY_tnt.WRKY25_col_a_m1 MEME

letter-probability matrix: alength= 4 w= 11 nsites= 599 E= 2.1e-1026
  0.510851	  0.181970	  0.111853	  0.195326	
  0.597663	  0.148581	  0.045075	  0.208681	
  0.490818	  0.136895	  0.065109	  0.307179	
  0.696160	  0.000000	  0.303840	  0.000000	
  0.000000	  0.000000	  1.000000	  0.000000	
  0.000000	  0.000000	  0.000000	  1.000000	
  0.000000	  1.000000	  0.000000	  0.000000	
  1.000000	  0.000000	  0.000000	  0.000000	
  1.000000	  0.000000	  0.000000	  0.000000	
  0.250417	  0.727880	  0.000000	  0.021703	
  0.155259	  0.110184	  0.654424	  0.080134	


MOTIF WRKY_tnt.WRKY26_col_a_m1 MEME

letter-probability matrix: alength= 4 w= 13 nsites= 84 E= 1.5e-140
  0.630952	  0.190476	  0.107143	  0.071429	
  0.654762	  0.083333	  0.059524	  0.202381	
  0.666667	  0.130952	  0.035714	  0.166667	
  0.845238	  0.000000	  0.154762	  0.000000	
  0.000000	  0.000000	  1.000000	  0.000000	
  0.000000	  0.023810	  0.011905	  0.964286	
  0.000000	  1.000000	  0.000000	  0.000000	
  1.000000	  0.000000	  0.000000	  0.000000	
  1.000000	  0.000000	  0.000000	  0.000000	
  0.154762	  0.845238	  0.000000	  0.000000	
  0.178571	  0.059524	  0.702381	  0.059524	
  0.250000	  0.261905	  0.285714	  0.202381	
  0.214286	  0.261905	  0.059524	  0.464286	


MOTIF WRKY_tnt.WRKY27_col_a_m1 MEME

letter-probability matrix: alength= 4 w= 13 nsites= 600 E= 8.1e-1550
  0.463333	  0.108333	  0.215000	  0.213333	
  0.221667	  0.208333	  0.278333	  0.291667	
  0.285000	  0.575000	  0.080000	  0.060000	
  0.005000	  0.001667	  0.923333	  0.070000	
  0.000000	  0.000000	  0.000000	  1.000000	
  0.000000	  0.000000	  0.000000	  1.000000	
  0.000000	  0.000000	  1.000000	  0.000000	
  0.991667	  0.000000	  0.005000	  0.003333	
  0.000000	  1.000000	  0.000000	  0.000000	
  0.010000	  0.033333	  0.000000	  0.956667	
  0.076667	  0.016667	  0.003333	  0.903333	
  0.071667	  0.056667	  0.003333	  0.868333	
  0.116667	  0.106667	  0.148333	  0.628333	


MOTIF WRKY_tnt.WRKY28_col_a_m1 MEME

letter-probability matrix: alength= 4 w= 13 nsites= 598 E= 6.6e-878
  0.354515	  0.093645	  0.267559	  0.284281	
  0.260870	  0.160535	  0.219064	  0.359532	
  0.178930	  0.453177	  0.142140	  0.225753	
  0.093645	  0.025084	  0.596990	  0.284281	
  0.000000	  0.010033	  0.000000	  0.989967	
  0.000000	  0.000000	  0.003344	  0.996656	
  0.000000	  0.000000	  1.000000	  0.000000	
  1.000000	  0.000000	  0.000000	  0.000000	
  0.000000	  1.000000	  0.000000	  0.000000	
  0.025084	  0.165552	  0.010033	  0.799331	
  0.188963	  0.056856	  0.048495	  0.705686	
  0.145485	  0.093645	  0.108696	  0.652174	
  0.172241	  0.120401	  0.212375	  0.494983	


MOTIF WRKY_tnt.WRKY29_col_a_m1 MEME

letter-probability matrix: alength= 4 w= 11 nsites= 594 E= 5.1e-1011
  0.530303	  0.191919	  0.109428	  0.168350	
  0.678451	  0.070707	  0.101010	  0.149832	
  0.737374	  0.025253	  0.063973	  0.173401	
  0.835017	  0.000000	  0.136364	  0.028620	
  0.000000	  0.000000	  1.000000	  0.000000	
  0.000000	  0.001684	  0.000000	  0.998316	
  0.000000	  1.000000	  0.000000	  0.000000	
  0.998316	  0.001684	  0.000000	  0.000000	
  0.989899	  0.000000	  0.010101	  0.000000	
  0.222222	  0.739057	  0.000000	  0.038721	
  0.112795	  0.107744	  0.461279	  0.318182	


MOTIF WRKY_tnt.WRKY3_col_a_m1 MEME

letter-probability matrix: alength= 4 w= 11 nsites= 598 E= 3.7e-1035
  0.543478	  0.220736	  0.105351	  0.130435	
  0.675585	  0.125418	  0.056856	  0.142140	
  0.645485	  0.103679	  0.043478	  0.207358	
  0.780936	  0.000000	  0.219064	  0.000000	
  0.000000	  0.000000	  1.000000	  0.000000	
  0.000000	  0.000000	  0.000000	  1.000000	
  0.000000	  0.998328	  0.000000	  0.001672	
  1.000000	  0.000000	  0.000000	  0.000000	
  1.000000	  0.000000	  0.000000	  0.000000	
  0.301003	  0.665552	  0.001672	  0.031773	
  0.177258	  0.115385	  0.580268	  0.127090	


MOTIF WRKY_tnt.WRKY30_col_a_m1 MEME

letter-probability matrix: alength= 4 w= 11 nsites= 583 E= 2.1e-1305
  0.612350	  0.113208	  0.138937	  0.135506	
  0.787307	  0.025729	  0.070326	  0.116638	
  0.881647	  0.003431	  0.114923	  0.000000	
  0.000000	  0.000000	  1.000000	  0.000000	
  0.000000	  0.000000	  0.000000	  1.000000	
  0.000000	  1.000000	  0.000000	  0.000000	
  1.000000	  0.000000	  0.000000	  0.000000	
  1.000000	  0.000000	  0.000000	  0.000000	
  0.005146	  0.987993	  0.000000	  0.006861	
  0.053173	  0.109777	  0.692967	  0.144082	
  0.214408	  0.375643	  0.221269	  0.188679	


MOTIF WRKY_tnt.WRKY31_col_a_m1 MEME

letter-probability matrix: alength= 4 w= 19 nsites= 251 E= 2.5e-456
  0.270916	  0.131474	  0.306773	  0.290837	
  0.235060	  0.127490	  0.326693	  0.310757	
  0.286853	  0.223108	  0.250996	  0.239044	
  0.302789	  0.183267	  0.179283	  0.334661	
  0.342629	  0.231076	  0.107570	  0.318725	
  0.434263	  0.139442	  0.131474	  0.294821	
  0.430279	  0.131474	  0.290837	  0.147410	
  0.358566	  0.254980	  0.139442	  0.247012	
  0.342629	  0.294821	  0.151394	  0.211155	
  0.494024	  0.127490	  0.139442	  0.239044	
  0.521912	  0.111554	  0.155378	  0.211155	
  0.749004	  0.000000	  0.250996	  0.000000	
  0.000000	  0.000000	  1.000000	  0.000000	
  0.000000	  0.000000	  0.000000	  1.000000	
  0.003984	  0.996016	  0.000000	  0.000000	
  1.000000	  0.000000	  0.000000	  0.000000	
  1.000000	  0.000000	  0.000000	  0.000000	
  0.027888	  0.972112	  0.000000	  0.000000	
  0.119522	  0.067729	  0.673307	  0.139442	


MOTIF WRKY_tnt.WRKY33_col_a_m1 MEME

letter-probability matrix: alength= 4 w= 11 nsites= 598 E= 2.2e-1025
  0.494983	  0.242475	  0.081940	  0.180602	
  0.635452	  0.138796	  0.058528	  0.167224	
  0.622074	  0.080268	  0.046823	  0.250836	
  0.795987	  0.000000	  0.204013	  0.000000	
  0.000000	  0.000000	  1.000000	  0.000000	
  0.000000	  0.000000	  0.000000	  1.000000	
  0.000000	  1.000000	  0.000000	  0.000000	
  1.000000	  0.000000	  0.000000	  0.000000	
  1.000000	  0.000000	  0.000000	  0.000000	
  0.307692	  0.668896	  0.000000	  0.023411	
  0.163880	  0.112040	  0.585284	  0.138796	


MOTIF WRKY_tnt.WRKY40_col_m1 MEME

letter-probability matrix: alength= 4 w= 15 nsites= 600 E= 2.3e-910
  0.320000	  0.115000	  0.288333	  0.276667	
  0.290000	  0.226667	  0.208333	  0.275000	
  0.101667	  0.485000	  0.128333	  0.285000	
  0.118333	  0.148333	  0.465000	  0.268333	
  0.010000	  0.000000	  0.000000	  0.990000	
  0.000000	  0.000000	  0.000000	  1.000000	
  0.000000	  0.000000	  0.998333	  0.001667	
  0.995000	  0.000000	  0.005000	  0.000000	
  0.000000	  1.000000	  0.000000	  0.000000	
  0.000000	  0.208333	  0.000000	  0.791667	
  0.180000	  0.031667	  0.066667	  0.721667	
  0.111667	  0.061667	  0.161667	  0.665000	
  0.110000	  0.150000	  0.215000	  0.525000	
  0.230000	  0.218333	  0.136667	  0.415000	
  0.248333	  0.271667	  0.163333	  0.316667	


MOTIF WRKY_tnt.WRKY42_col_a_m1 MEME

letter-probability matrix: alength= 4 w= 21 nsites= 309 E= 5.4e-523
  0.177994	  0.236246	  0.226537	  0.359223	
  0.229773	  0.145631	  0.187702	  0.436893	
  0.207120	  0.110032	  0.220065	  0.462783	
  0.242718	  0.132686	  0.297735	  0.326861	
  0.404531	  0.233010	  0.177994	  0.184466	
  0.381877	  0.297735	  0.097087	  0.223301	
  0.262136	  0.284790	  0.126214	  0.326861	
  0.242718	  0.255663	  0.158576	  0.343042	
  0.310680	  0.165049	  0.300971	  0.223301	
  0.216828	  0.223301	  0.288026	  0.271845	
  0.165049	  0.595469	  0.090615	  0.148867	
  0.003236	  0.000000	  0.974110	  0.022654	
  0.000000	  0.000000	  0.000000	  1.000000	
  0.000000	  0.000000	  0.000000	  1.000000	
  0.000000	  0.000000	  0.993528	  0.006472	
  1.000000	  0.000000	  0.000000	  0.000000	
  0.000000	  1.000000	  0.000000	  0.000000	
  0.019417	  0.291262	  0.022654	  0.666667	
  0.313916	  0.122977	  0.119741	  0.443366	
  0.265372	  0.145631	  0.122977	  0.466019	
  0.203883	  0.155340	  0.297735	  0.343042	


MOTIF WRKY_tnt.WRKY43_col_a_m1 MEME

letter-probability matrix: alength= 4 w= 14 nsites= 506 E= 1.2e-875
  0.280632	  0.128458	  0.326087	  0.264822	
  0.207510	  0.237154	  0.235178	  0.320158	
  0.073123	  0.709486	  0.083004	  0.134387	
  0.049407	  0.011858	  0.764822	  0.173913	
  0.000000	  0.000000	  0.000000	  1.000000	
  0.000000	  0.000000	  0.000000	  1.000000	
  0.000000	  0.000000	  1.000000	  0.000000	
  0.954545	  0.000000	  0.045455	  0.000000	
  0.000000	  1.000000	  0.000000	  0.000000	
  0.000000	  0.177866	  0.000000	  0.822134	
  0.144269	  0.043478	  0.075099	  0.737154	
  0.100791	  0.098814	  0.059289	  0.741107	
  0.166008	  0.142292	  0.185771	  0.505929	
  0.179842	  0.187747	  0.207510	  0.424901	


MOTIF WRKY_tnt.WRKY45_col_a_m1 MEME

letter-probability matrix: alength= 4 w= 12 nsites= 600 E= 6.6e-1351
  0.151667	  0.495000	  0.123333	  0.230000	
  0.056667	  0.001667	  0.638333	  0.303333	
  0.001667	  0.003333	  0.000000	  0.995000	
  0.000000	  0.000000	  0.000000	  1.000000	
  0.000000	  0.001667	  0.998333	  0.000000	
  0.998333	  0.000000	  0.001667	  0.000000	
  0.000000	  1.000000	  0.000000	  0.000000	
  0.001667	  0.026667	  0.000000	  0.971667	
  0.043333	  0.013333	  0.013333	  0.930000	
  0.045000	  0.041667	  0.025000	  0.888333	
  0.096667	  0.115000	  0.136667	  0.651667	
  0.176667	  0.153333	  0.216667	  0.453333	


MOTIF WRKY_tnt.WRKY46_col_a_m1 MEME

letter-probability matrix: alength= 4 w= 11 nsites= 22 E= 2.2e-026
  0.090909	  0.863636	  0.045455	  0.000000	
  0.000000	  0.000000	  0.727273	  0.272727	
  0.000000	  0.000000	  0.000000	  1.000000	
  0.000000	  0.000000	  0.000000	  1.000000	
  0.000000	  0.000000	  1.000000	  0.000000	
  0.818182	  0.000000	  0.181818	  0.000000	
  0.000000	  1.000000	  0.000000	  0.000000	
  0.000000	  0.136364	  0.000000	  0.863636	
  0.000000	  0.136364	  0.045455	  0.818182	
  0.136364	  0.181818	  0.000000	  0.681818	
  0.045455	  0.181818	  0.409091	  0.363636	


MOTIF WRKY_tnt.WRKY47_col_a_m1 MEME

letter-probability matrix: alength= 4 w= 14 nsites= 88 E= 2.4e-131
  0.522727	  0.295455	  0.090909	  0.090909	
  0.159091	  0.431818	  0.056818	  0.352273	
  0.079545	  0.465909	  0.193182	  0.261364	
  0.147727	  0.079545	  0.511364	  0.261364	
  0.284091	  0.193182	  0.318182	  0.204545	
  0.068182	  0.909091	  0.022727	  0.000000	
  0.022727	  0.000000	  0.738636	  0.238636	
  0.000000	  0.000000	  0.011364	  0.988636	
  0.056818	  0.000000	  0.000000	  0.943182	
  0.000000	  0.000000	  1.000000	  0.000000	
  0.840909	  0.000000	  0.147727	  0.011364	
  0.000000	  1.000000	  0.000000	  0.000000	
  0.011364	  0.375000	  0.011364	  0.602273	
  0.386364	  0.147727	  0.034091	  0.431818	


MOTIF WRKY_tnt.WRKY50_col_a_m1 MEME

letter-probability matrix: alength= 4 w= 13 nsites= 568 E= 3.7e-1029
  0.183099	  0.375000	  0.154930	  0.286972	
  0.100352	  0.098592	  0.380282	  0.420775	
  0.010563	  0.001761	  0.003521	  0.984155	
  0.005282	  0.000000	  0.000000	  0.994718	
  0.000000	  0.000000	  1.000000	  0.000000	
  0.998239	  0.000000	  0.001761	  0.000000	
  0.000000	  1.000000	  0.000000	  0.000000	
  0.003521	  0.038732	  0.001761	  0.955986	
  0.075704	  0.017606	  0.007042	  0.899648	
  0.051056	  0.040493	  0.024648	  0.883803	
  0.089789	  0.110915	  0.084507	  0.714789	
  0.204225	  0.154930	  0.158451	  0.482394	
  0.250000	  0.218310	  0.153169	  0.378521	


MOTIF WRKY_tnt.WRKY55_col_a_m1 MEME

letter-probability matrix: alength= 4 w= 12 nsites= 599 E= 5.2e-1143
  0.313856	  0.121870	  0.310518	  0.253756	
  0.235392	  0.247078	  0.278798	  0.238731	
  0.118531	  0.692821	  0.098497	  0.090150	
  0.051753	  0.003339	  0.906511	  0.038397	
  0.000000	  0.000000	  0.000000	  1.000000	
  0.000000	  0.000000	  0.000000	  1.000000	
  0.000000	  0.000000	  1.000000	  0.000000	
  1.000000	  0.000000	  0.000000	  0.000000	
  0.000000	  1.000000	  0.000000	  0.000000	
  0.000000	  0.213689	  0.001669	  0.784641	
  0.150250	  0.120200	  0.080134	  0.649416	
  0.210351	  0.108514	  0.171953	  0.509182	


MOTIF WRKY_tnt.WRKY59_col_a_m1 MEME

letter-probability matrix: alength= 4 w= 12 nsites= 173 E= 6.8e-159
  0.323699	  0.277457	  0.150289	  0.248555	
  0.630058	  0.069364	  0.144509	  0.156069	
  0.560694	  0.086705	  0.092486	  0.260116	
  0.595376	  0.104046	  0.046243	  0.254335	
  0.751445	  0.000000	  0.225434	  0.023121	
  0.000000	  0.000000	  1.000000	  0.000000	
  0.000000	  0.011561	  0.000000	  0.988439	
  0.000000	  1.000000	  0.000000	  0.000000	
  1.000000	  0.000000	  0.000000	  0.000000	
  1.000000	  0.000000	  0.000000	  0.000000	
  0.537572	  0.358382	  0.034682	  0.069364	
  0.265896	  0.219653	  0.335260	  0.179191	


MOTIF WRKY_tnt.WRKY6_col_a_m1 MEME

letter-probability matrix: alength= 4 w= 19 nsites= 285 E= 2.3e-530
  0.143860	  0.684211	  0.073684	  0.098246	
  0.003509	  0.000000	  0.919298	  0.077193	
  0.000000	  0.000000	  0.000000	  1.000000	
  0.000000	  0.000000	  0.000000	  1.000000	
  0.000000	  0.000000	  1.000000	  0.000000	
  1.000000	  0.000000	  0.000000	  0.000000	
  0.000000	  1.000000	  0.000000	  0.000000	
  0.000000	  0.298246	  0.000000	  0.701754	
  0.270175	  0.133333	  0.129825	  0.466667	
  0.259649	  0.080702	  0.150877	  0.508772	
  0.203509	  0.143860	  0.312281	  0.340351	
  0.238596	  0.101754	  0.294737	  0.364912	
  0.207018	  0.270175	  0.066667	  0.456140	
  0.263158	  0.147368	  0.154386	  0.435088	
  0.354386	  0.080702	  0.287719	  0.277193	
  0.385965	  0.143860	  0.171930	  0.298246	
  0.221053	  0.284211	  0.228070	  0.266667	
  0.305263	  0.277193	  0.136842	  0.280702	
  0.273684	  0.294737	  0.119298	  0.312281	


MOTIF WRKY_tnt.WRKY65_col_a_m1 MEME

letter-probability matrix: alength= 4 w= 11 nsites= 600 E= 3.6e-1172
  0.428333	  0.203333	  0.165000	  0.203333	
  0.633333	  0.071667	  0.140000	  0.155000	
  0.696667	  0.041667	  0.056667	  0.205000	
  0.763333	  0.010000	  0.211667	  0.015000	
  0.000000	  0.000000	  1.000000	  0.000000	
  0.000000	  0.001667	  0.000000	  0.998333	
  0.000000	  1.000000	  0.000000	  0.000000	
  1.000000	  0.000000	  0.000000	  0.000000	
  0.998333	  0.000000	  0.000000	  0.001667	
  0.060000	  0.903333	  0.000000	  0.036667	
  0.083333	  0.063333	  0.698333	  0.155000	


MOTIF WRKY_tnt.WRKY7_col_m1 MEME

letter-probability matrix: alength= 4 w= 14 nsites= 594 E= 8.0e-1674
  0.370370	  0.132997	  0.269360	  0.227273	
  0.203704	  0.195286	  0.301347	  0.299663	
  0.191919	  0.664983	  0.092593	  0.050505	
  0.005051	  0.000000	  0.929293	  0.065657	
  0.000000	  0.000000	  0.000000	  1.000000	
  0.000000	  0.000000	  0.000000	  1.000000	
  0.000000	  0.000000	  0.998316	  0.001684	
  0.988215	  0.000000	  0.011785	  0.000000	
  0.000000	  0.998316	  0.000000	  0.001684	
  0.005051	  0.021886	  0.000000	  0.973064	
  0.020202	  0.005051	  0.000000	  0.974747	
  0.043771	  0.042088	  0.006734	  0.907407	
  0.102694	  0.117845	  0.136364	  0.643098	
  0.217172	  0.131313	  0.198653	  0.452862	


MOTIF WRKY_tnt.WRKY70_col_m1 MEME

letter-probability matrix: alength= 4 w= 13 nsites= 599 E= 6.1e-1498
  0.350584	  0.128548	  0.280467	  0.240401	
  0.205342	  0.275459	  0.302170	  0.217028	
  0.125209	  0.774624	  0.053422	  0.046745	
  0.023372	  0.000000	  0.974958	  0.001669	
  0.000000	  0.000000	  0.000000	  1.000000	
  0.000000	  0.000000	  0.000000	  1.000000	
  0.000000	  0.000000	  1.000000	  0.000000	
  1.000000	  0.000000	  0.000000	  0.000000	
  0.000000	  1.000000	  0.000000	  0.000000	
  0.003339	  0.096828	  0.005008	  0.894825	
  0.118531	  0.040067	  0.018364	  0.823038	
  0.136895	  0.075125	  0.061770	  0.726210	
  0.165275	  0.121870	  0.196995	  0.515860	


MOTIF WRKY_tnt.WRKY71_col_a_m1 MEME

letter-probability matrix: alength= 4 w= 11 nsites= 598 E= 8.1e-1180
  0.583612	  0.172241	  0.115385	  0.128763	
  0.794314	  0.053512	  0.060201	  0.091973	
  0.852843	  0.021739	  0.033445	  0.091973	
  0.923077	  0.003344	  0.066890	  0.006689	
  0.000000	  0.000000	  1.000000	  0.000000	
  0.000000	  0.000000	  0.000000	  1.000000	
  0.000000	  1.000000	  0.000000	  0.000000	
  1.000000	  0.000000	  0.000000	  0.000000	
  1.000000	  0.000000	  0.000000	  0.000000	
  0.262542	  0.682274	  0.006689	  0.048495	
  0.214047	  0.137124	  0.491639	  0.157191	


MOTIF WRKY_tnt.WRKY75_col_a_m1 MEME

letter-probability matrix: alength= 4 w= 13 nsites= 600 E= 2.5e-1134
  0.468333	  0.188333	  0.161667	  0.181667	
  0.706667	  0.071667	  0.105000	  0.116667	
  0.720000	  0.060000	  0.051667	  0.168333	
  0.815000	  0.008333	  0.168333	  0.008333	
  0.000000	  0.000000	  1.000000	  0.000000	
  0.000000	  0.003333	  0.000000	  0.996667	
  0.000000	  1.000000	  0.000000	  0.000000	
  1.000000	  0.000000	  0.000000	  0.000000	
  0.998333	  0.000000	  0.000000	  0.001667	
  0.151667	  0.785000	  0.010000	  0.053333	
  0.155000	  0.095000	  0.671667	  0.078333	
  0.276667	  0.235000	  0.243333	  0.245000	
  0.273333	  0.311667	  0.121667	  0.293333	


MOTIF WRKY_tnt.WRKY8_col_m1 MEME

letter-probability matrix: alength= 4 w= 15 nsites= 600 E= 3.8e-1577
  0.310000	  0.173333	  0.288333	  0.228333	
  0.458333	  0.163333	  0.180000	  0.198333	
  0.605000	  0.131667	  0.150000	  0.113333	
  0.880000	  0.013333	  0.061667	  0.045000	
  0.943333	  0.000000	  0.011667	  0.045000	
  0.958333	  0.000000	  0.040000	  0.001667	
  0.000000	  0.000000	  1.000000	  0.000000	
  0.000000	  0.000000	  0.000000	  1.000000	
  0.000000	  1.000000	  0.000000	  0.000000	
  1.000000	  0.000000	  0.000000	  0.000000	
  1.000000	  0.000000	  0.000000	  0.000000	
  0.096667	  0.878333	  0.000000	  0.025000	
  0.145000	  0.120000	  0.626667	  0.108333	
  0.318333	  0.243333	  0.195000	  0.243333	
  0.293333	  0.220000	  0.105000	  0.381667	

